lr0: 0.0083
lrf: 0.01402
momentum: 0.97657
weight_decay: 0.00034
warmup_epochs: 3.23308
warmup_momentum: 0.95
box: 4.55326
cls: 0.68355
dfl: 1.03821
hsv_h: 0.01115
hsv_s: 0.59156
hsv_v: 0.60213
degrees: 0.0
translate: 0.08221
scale: 0.36064
shear: 0.0
perspective: 0.0
flipud: 0.0
fliplr: 0.35933
bgr: 0.0
mosaic: 1.0
mixup: 0.0
copy_paste: 0.0